3,2
3,1
3,3
10,253
10,141
10,309
10,87
10,23
10,67
10,3
47,3
47,2
47,1
47,0
46,3
46,2
46,1
46,0
45,4
45,3
9,5
45,2
45,1
45,0
44,5
44,4
44,3
8,9
8,14
8,17
8,8
8,5
44,2
44,1
44,0
43,3
43,2
43,1
43,0
12,3
12,2
12,1
11,29
11,28
11,27
11,26
11,25
11,24
11,23
11,22
11,21
11,20
11,19
11,18
11,17
11,16
11,15
11,14
11,13
11,12
11,11
11,10
11,9
11,7
11,6
11,5
11,3
11,2
11,1
10,311
10,303
10,301
10,298
20,2
20,1
10,281
10,278
20,3
10,277
10,275
10,274
19,2
19,1
10,273
19,3
10,271
10,262
10,259
10,251
10,249
10,248
10,247
10,241
10,236
10,216
10,215
10,214
10,211
10,204
10,199
10,198
10,188
10,185
10,184
10,183
10,181
10,175
10,173
18,1
10,147
